% Bessel function roots of all orders between 1 and 100.

bjz = [2.404825557695773, 5.520078110286312, 8.653727912911013,
11.79153443901428, 14.93091770848779, 18.07106396791092,
21.21163662987926, 24.3524715307493, 27.49347913204025,
30.63460646843198, 33.77582021357357, 36.91709835366405,
40.05842576462824, 43.19979171317673, 46.34118837166182,
49.48260989739782, 52.624051841115, 55.76551075501998,
58.90698392608094, 62.04846919022717, 65.18996480020687,
68.3314693298568, 71.47298160359374, 74.61450064370183,
77.75602563038805, 80.89755587113763, 84.0390907769382,
87.18062984364116, 90.32217263721049, 93.46371878194478,
96.60526795099626, 3.831705970207512, 7.015586669815622,
10.17346813506272, 13.32369193631422, 16.47063005087763,
19.61585851046824, 22.76008438059277, 25.90367208761838,
29.04682853491686, 32.18967991097441, 35.33230755008387,
38.47476623477161, 41.61709421281445, 44.75931899765282,
47.90146088718545, 51.04353518357151, 54.18555364106132,
57.32752543790101, 60.46945784534749, 63.61135669848123,
66.75322673409849, 69.89507183749578, 73.03689522557383,
76.17869958464146, 79.3204871754763, 82.46225991437356,
85.60401943635023, 88.7457671449263, 91.88750425169499,
95.0292318080447, 98.17095073079078, 5.135622301840683,
8.417244140399832, 11.61984117214906, 14.79595178235126,
17.95981949498783, 21.11699705302184, 24.2701123135731,
27.42057354998456, 30.5692044955164, 33.7165195092227,
36.86285651128381, 40.0084467334782, 43.15345377837146,
46.29799667723692, 49.44216411041688, 52.58602350681596,
55.72962705320114, 58.87301577261216, 62.01622235921765,
65.1592731907578, 68.30218978418345, 71.44498986635786,
74.5876881736024, 77.7302970569789, 80.87282694624477,
84.01528670954616, 87.15768393520335, 90.30002515459292,
93.44231602001112, 96.5845614477832, 99.7267657342928,
6.380161895923984, 9.761023129981648, 13.01520072169843,
16.22346616031877, 19.40941522643501, 22.58272959310444,
25.74816669929498, 28.90835078092176, 32.06485240709771,
35.21867073861012, 38.37047243475694, 41.52071967040678,
44.66974311661726, 47.8177856915333, 50.96502990620518,
54.11161556982187, 57.25765160449902, 60.40322413847212,
63.54840217856721, 66.69324166737267, 69.83778843790434,
72.98208040043201, 76.12614918477409, 79.27002139005586,
82.41371954726787, 85.55726286883, 88.70066783822206,
91.84394867814709, 94.98711772546561, 98.13018573387488,
7.58834243450399, 11.06470948850119, 14.37253667161759,
17.61596604980483, 20.82693295696239, 24.01901952477111,
27.19908776598125, 30.37100766711725, 33.53713771181922,
36.69900112874465, 39.85762730218089, 43.01373772335443,
46.16785351292437, 49.32036068639027, 52.47155139845803,
55.62165090976798, 58.77083574045925, 61.9192462040977,
65.06699525569557, 68.21417486146704, 71.36086066529799,
74.50711546139641, 77.65299181534341, 80.79853406792371,
83.94377988509808, 87.0887614698136, 90.23350651879237,
93.37803898484891, 96.52237968938122, 99.66654681832883,
8.771483815959938, 12.33860419746694, 15.70017407971167,
18.98013387517992, 22.21779989656127, 25.4303411542227,
28.62661830729114, 31.81171672404776, 34.9887812945593,
38.15986856196713, 41.32638325404741, 44.48931912321967,
47.64939980669706, 50.80716520300633, 53.96302655837815,
57.11730278150425, 60.27024507294279, 63.42205404587577,
66.57289188711826, 69.72289116171673, 72.87216129691201,
76.02079343059161, 79.1688640870874, 82.3164379990123,
85.46357029837311, 88.61030823579625, 91.75669254250613,
94.90275851888956, 98.04853691169517, 9.936109524217661,
13.58929017054122, 17.00381966781601, 20.32078921356651,
23.58608443558139, 26.8201519834114, 30.03372238657047,
33.23304176284712, 36.42201966825846, 39.6032394160754,
42.77848161319951, 45.9490159980426, 49.11577372476426,
52.27945390360105, 55.44059206885315, 58.59960563123769,
61.7568249018768, 64.91251478472073, 68.06689026803873,
71.2201276961684, 74.37237310862434, 77.52374850242347,
80.67435659867928, 83.82428451539188, 86.97360662919586,
90.12238682807623, 93.27068030141393, 96.41853497477823,
99.56599266924391, 11.08637001924495, 14.82126872701317,
18.28758283248173, 21.6415410198484, 24.93492788767302,
28.1911884594832, 31.42279419226558, 34.63708935206932,
37.83871738285361, 41.03077369158554, 44.21540850526126,
47.39416575557051, 50.56818467979556, 53.73832537196329,
56.90524999197879, 60.069476998277, 63.23141836888827,
66.39140575953299, 69.54970927242225, 72.70655117247715,
75.8621160763224, 79.01655863292244, 82.17000939052791,
85.32257933237952, 88.47436342186673, 91.62544340141393,
94.77589002267663, 97.92576483879793, 12.2250922640046,
16.03777419088771, 19.55453643099705, 22.94517313187462,
26.26681464117664, 29.54565967099855, 32.79580003734147,
36.02561506386957, 39.24044799517814, 42.44388774327356,
45.63844418219914, 48.82593038155386, 52.0076914566869,
55.18474793928905, 58.35788902526969, 61.52773516681601,
64.6947812358187, 67.85942699300077, 71.0219990406205,
74.18276692765278, 77.341955156796, 80.49975226633173,
83.6563177895617, 86.81178765126712, 89.96627839757532,
93.11989054433235, 96.27271125186596, 99.42481647963888,
13.35430047743469, 17.24122038248913, 20.80704778926411,
24.23388525775055, 27.583748963573, 30.88537896769667,
34.15437792385509, 37.40009997715659, 40.62855371896453,
43.84380142033735, 47.04870073765403, 50.24532695530538,
53.43522715704206, 56.61958026650844, 59.79930163096023,
62.9751135342416, 66.14759402479596, 69.31721151789509,
72.48434981747305, 75.64932653606083, 78.81240687196421,
81.97381406180554, 85.13373741333916, 88.29233855113219,
91.4497563246344, 94.60611070285769, 97.76150589270782,
14.4755006865543, 18.43346366696658, 22.0469853646978,
25.50945055418283, 28.88737506353046, 32.21185619971273,
35.49990920537385, 38.76180701788165, 42.0041902366718,
45.23157410353505, 48.44715138726939, 51.65325166816586,
54.85161907596335, 58.04358792823248, 61.23019797729268,
64.41227241292435, 67.59047207369848, 70.76533399624279,
73.93729938176807, 77.1067342468613, 80.27394491398516,
83.43918979610575, 86.60268847672761, 89.76462878717906,
92.9251723811684, 96.08445916814541, 99.24261087041923,
15.58984788445549, 19.61596690396692, 23.27585372626341,
26.77332254550954, 30.17906117878486, 33.52636407558862,
36.8335713418949, 40.11182327095424, 43.36836094752171,
46.60813267627494, 49.83465351039673, 53.05049895913506,
56.25760471511448, 59.457456908388, 62.65121738820291,
65.8398088044451, 69.02397392846129, 72.20431796411827,
75.38133933210949, 78.55545246375878, 81.72700494353762,
84.89629058273977, 88.06355951640303, 91.22902609078747,
94.39287508931925, 97.55526669403275, 16.69824993384825,
20.78990636007844, 24.49488504388135, 28.02670994997313,
31.45996003531804, 34.82998699029024, 38.15637750468135,
41.45109230793968, 44.72194354319115, 47.97429353126905,
51.21196700410107, 54.43777692832507, 57.65384481190694,
60.8618046824805, 64.06293782485014, 67.25826455634123,
70.44860839652056, 73.6346419607491, 76.81692043723164,
79.99590643563725, 83.1719887188329, 86.34549652053406,
89.51671062656433, 92.6858720489112, 95.85318888587194,
99.01884179905274, 17.80143515328244, 21.95624406783631,
25.70510305392472, 29.2706304418748, 32.7310533109784,
36.12365766644876, 39.46920682524388, 42.78043926544716,
46.06571091157561, 49.33078009644353, 52.5797690643834,
55.81571987630578, 59.04093403724927, 62.25718939373173,
65.46588379723212, 68.6681332168911, 71.86484051350274,
75.05674474497414, 78.24445721549576, 81.42848829266309,
84.60926766602503, 87.7871598632014, 90.9624762820453,
94.13548462656108, 97.30641638289269, 18.89999795317402,
23.11577834725276, 26.9073689761821, 30.50595016389604,
33.99318498478154, 37.40818512863969, 40.77282785350187,
44.1005905657983, 47.40034778054323, 50.6782369464799,
53.93866620912693, 57.1848985981193, 60.4194098521303,
63.64411750896228, 66.8605330122601, 70.06986583319646,
73.2730966210099, 76.47102975981474, 79.66433187507764,
82.85356053612352, 86.0391859806859, 89.22160778458363,
